8	14	0.000805067
8	12	-0.00010151
8	41	0.00115852
8	34	-0.0116199
8	28	0.000660123
8	38	-0.000299052
8	49	-0.000198498
12	34	-3.83523e-05
12	8	-0.00010151
12	49	0.00091164
14	49	0.000932791
14	8	0.000805067
28	34	0.000157357
28	8	0.000660123
28	41	0.0004592
28	38	0.000814976
28	49	0.000236399
34	38	-4.30534e-05
34	12	-3.83523e-05
34	8	-0.0116199
34	28	0.000157357
34	44	7.66501e-05
34	41	0.000464755
34	49	-0.0813719
38	28	0.000814976
38	8	-0.000299052
38	41	0.000639464
38	34	-4.30534e-05
38	49	-0.000921809
41	28	0.0004592
41	8	0.00115852
41	38	0.000639464
41	34	0.000464755
41	49	-0.00118358
44	34	7.66501e-05
44	49	0.000626729
49	28	0.000236399
49	12	0.00091164
49	8	-0.000198498
49	14	0.000932791
49	41	-0.00118358
49	34	-0.0813719
49	38	-0.000921809
49	44	0.000626729
