4	49	0.000319824
4	25	0.000348325
6	22	-0.0328053
6	16	-0.0121921
6	10	-0.00235464
6	18	0.00128337
6	49	-0.0877627
6	25	0.00108932
10	25	0.000349311
10	18	0.000524779
10	6	-0.00235464
10	16	0.00119498
10	22	-0.000720771
10	49	0.00121082
14	49	0.000740149
16	25	-0.00046318
16	18	0.00163315
16	6	-0.0121921
16	10	0.00119498
16	22	-0.000667981
16	49	-0.00380998
18	16	0.00163315
18	6	0.00128337
18	10	0.000524779
18	49	-0.00259766
18	22	-0.000146656
22	25	0.00184259
22	10	-0.000720771
22	6	-0.0328053
22	18	-0.000146656
22	16	-0.000667981
22	49	-0.0275173
25	22	0.00184259
25	6	0.00108932
25	4	0.000348325
25	16	-0.00046318
25	10	0.000349311
25	49	-0.00190652
49	14	0.000740149
49	6	-0.0877627
49	4	0.000319824
49	10	0.00121082
49	22	-0.0275173
49	18	-0.00259766
49	16	-0.00380998
49	25	-0.00190652
